Initial matrix:
   -1.90    2.72   -1.32
    2.24    2.76    2.82
    1.81   -1.42    1.43

Summed matrix:
   -0.38   -5.98   -0.24
    0.84    0.43    0.98
    2.20   -0.24    1.02

Rotaded (90 degrees) matrix:
   -0.24    0.98    1.02
   -5.98    0.43   -0.24
   -0.38    0.84    2.20

Summed matrix:
    0.05    0.80    1.38
   32.15   -0.10   -0.06
    0.07    0.37    3.67

Rotaded (180 degrees) matrix:
    3.67    0.37    0.07
   -0.06   -0.10   32.15
    1.38    0.80    0.05

Summed matrix:
   11.95    0.10    0.00
   -0.01   -0.00 1383.39
    1.86    0.61    0.00

Rotaded (270 degrees) matrix:
    1.86   -0.01   11.95
    0.61   -0.00    0.10
    0.00 1383.39    0.00

Summed matrix:
    3.14   -0.00  134.37
    0.33   -0.00    0.01
    0.001813651.36    0.00

